# i	3	16	31	38	48	80	95
1.0	-3.2043049944354134e-32	1.387533861002748e-31	-1.2559344743784806e-32	6.66742302725867e-44	1.5105524994171538e-32	-9.04597026575689e-46	-4.044509282963671e-33
2.0	-1.0481570282252229e-31	5.333754385017985e-31	-5.170504582035454e-32	3.538317603431291e-43	3.065644829054054e-32	-3.3230323249163114e-45	-2.367316002292381e-32
3.0	-6.218961249032172e-18	-3.90606748440078e-15	2.1060874211182234e-18	-1.2450747686758005e-17	-7.12514758518103e-17	2.791302620614743e-15	1.1759300794251972e-15
4.0	1.5849723502840136e-17	-5.022496749381333e-15	-9.232911167647991e-17	-3.706884140507299e-17	-6.333494923246798e-17	3.470768148063065e-15	1.6398430852071964e-15
5.0	-2.0200689246099435e-16	-4.644201525292242e-16	3.740081266190925e-15	2.6606089868273583e-15	4.362554379501939e-15	-3.5050775022886246e-12	2.1253294596695684e-12
6.0	-3.140821674333446e-16	-5.192365245135394e-16	4.4326176218723735e-15	3.1556586493088994e-15	5.333853229889239e-15	-3.864468028056112e-12	2.3288127321433835e-12
7.0	-2.0264943548455066e-15	3.9103903919801404e-16	5.1585831263619094e-17	4.829683334409833e-17	-1.5844579478256551e-16	-3.2436784939448827e-13	-1.1753306176631537e-14
8.0	-2.4038629675547807e-15	4.4103150624741107e-16	8.204265336876076e-17	7.234837645237778e-17	-1.5577253611262343e-16	-3.4768064286483365e-13	-2.3208270376396854e-14
9.0	-7.592760883783654e-16	-7.58259147296858e-17	5.683294165127961e-18	7.551570465589825e-17	-2.2912758555809226e-14	5.9635895459042535e-15	1.0839716622118019e-14
10.0	-7.331277258584884e-16	-1.4701400142881844e-16	-2.5182807736569404e-17	9.480171650019808e-17	-2.4752698927378565e-14	3.693429850212994e-15	1.8132515982788203e-14
11.0	8.085554287195566e-16	-2.376960415045431e-16	8.140047765710824e-18	3.7220792567668195e-17	-8.509945886407812e-17	-1.4017049785993324e-14	6.740486413276136e-15
12.0	7.261354192259359e-16	-2.1839163173639326e-16	1.6419090333917853e-18	6.738035359847185e-17	-9.668607865478623e-17	-1.65257314575848e-14	5.644590977370147e-15
13.0	4.8807436540399116e-17	-1.1555258693332517e-16	9.126620315154398e-16	2.952048825668621e-18	2.015076127483217e-14	-1.3222342519815438e-12	1.1737930514782486e-12
14.0	6.74827870418298e-17	-4.5180332534277976e-17	9.68682284926219e-16	-9.24292984264162e-18	2.1026804623498703e-14	-1.2513787955164415e-12	1.104020598832707e-12
15.0	-2.2544805621275216e-16	-1.5982631428220364e-14	8.071394652315454e-17	4.614719048950937e-16	-5.422246995334044e-16	-4.4372786487542546e-14	-2.1929273743979998e-14
16.0	-1.6573243542043014e-16	-5.524847257308415e-15	9.519686144024808e-17	3.517960849239376e-16	-3.993430872668515e-16	-4.0775907250391364e-14	-1.6775932966760313e-14
17.0	-5.111787678302055e-16	1.5040281126995347e-16	1.200016239859589e-17	1.0341759140132408e-16	1.5347991438447828e-16	4.6963789381923765e-14	-1.4184843510545503e-14
18.0	-4.767463028453291e-16	1.9138497353257338e-16	2.7235311975409054e-18	1.3366722646425994e-16	2.2373919045084294e-16	5.493521109060898e-14	-2.3225771941092156e-14
19.0	4.312649249920442e-16	-5.962014300461257e-17	-2.300195518194554e-16	-3.4724958536872994e-17	2.263596985691885e-17	5.501999923045989e-15	-1.7977508759364623e-13
20.0	5.091487815923198e-16	-4.5924216388716637e-17	-3.0187576377755827e-16	7.449201506495537e-17	4.8082776809475995e-17	1.7567996250157081e-15	-1.8946564932127136e-13
21.0	-1.8947363916360485e-14	8.081528403650346e-18	8.744499420015472e-16	-4.974481862997649e-17	1.9990679058764915e-16	2.4565578928947236e-14	-7.240390160442323e-16
22.0	-1.923836852362886e-14	2.908524261617001e-17	8.291632918775349e-16	-2.3482454924498804e-17	2.275761367059435e-16	2.2180984363437464e-14	3.0681288083181583e-15
23.0	4.124476230802835e-16	3.1636238524643184e-17	4.954341168053229e-16	1.1660495969223497e-16	1.6094862557919416e-16	-1.478541551056177e-15	1.5954599001739806e-15
24.0	9.9738494705134e-16	2.0914181870667942e-17	4.472514278962129e-16	1.61261644625252e-16	1.1201188250587714e-16	-1.0831611626464726e-16	2.2248375259798865e-15
25.0	-7.418534327486406e-16	5.4124992187223676e-17	1.1083065683814701e-17	-4.76795064144232e-17	-3.087794842339654e-14	5.7505435875144436e-15	1.5900804909946842e-14
26.0	-6.776683129720015e-16	2.413689063691473e-16	1.776491804523438e-17	-3.584868846347199e-17	-3.07139952038014e-14	-2.4723336698695313e-16	1.374896751446219e-14
27.0	-2.4064214716046856e-16	-4.939615811745281e-17	-3.89088917940669e-18	1.7444818438690254e-17	-6.15669425749264e-14	-1.3732275600077633e-15	8.950814550145663e-18
28.0	-2.703260576650925e-16	3.880626884272241e-17	-3.7998814135608466e-17	7.218893562067006e-18	-6.095552883794145e-14	-2.0921539440277238e-15	1.8582280212207376e-15
29.0	-2.4518103384963016e-16	-8.288463324831144e-16	1.7195305622655942e-17	8.117153905600604e-17	3.3125980985422996e-16	2.0253675189896724e-14	1.9306973823651278e-14
30.0	-2.240548418619172e-16	-7.773245226640773e-16	2.7696932279505932e-17	6.642288991382228e-17	3.2423357308705105e-16	2.4046099638376443e-14	1.581181692072527e-14
31.0	-2.4121804091583626e-16	1.265422970279856e-16	-1.793839857631211e-15	1.8859701654451885e-16	5.445198213968564e-16	-3.0214461031734284e-16	-6.795335693649887e-16
32.0	-4.8178304827991005e-16	9.71817358817705e-17	-5.3145451689650536e-15	1.2009429261768406e-16	3.5389763707891983e-16	-1.889898242337637e-15	-1.112106821072835e-15
33.0	2.1684134658190135e-14	2.1369626181330458e-16	-8.909445002864157e-16	6.287497204548555e-16	6.058780312444473e-16	2.2688955078298102e-13	-2.0442027105149902e-14
34.0	2.175152019377069e-14	3.866396308302899e-16	-1.1999839966207896e-15	4.726869307578101e-16	6.929220825933617e-16	2.0706126095808702e-13	-1.6914313998267826e-14
35.0	-1.0799408162654468e-16	1.94980462694921e-15	5.948323463689163e-16	-2.934525717142676e-16	-3.8663843997728776e-17	-1.8572100913231918e-14	8.214703213852286e-15
36.0	-1.1556940167732968e-16	1.9408828350831045e-15	6.931027619232086e-16	-6.00966965455702e-16	-8.111994515415963e-17	-1.587946832651251e-14	6.639394935753394e-15
37.0	9.170856298239407e-16	-3.7892911840356105e-17	-3.460833327638496e-17	-1.0133495950063186e-15	-2.419125450689156e-16	-7.41994971313457e-14	5.293802148205055e-14
38.0	6.7482192610676735e-16	-2.3497545013827855e-17	-5.552621889471872e-17	-3.6876238304555063e-16	-1.7760130957948609e-16	-3.9035770937061005e-14	4.629901660997329e-14
39.0	-3.761608097598491e-16	-1.4730258069705705e-16	2.2698028565540216e-14	-7.665650179572865e-17	7.274165417423147e-17	1.433096009666266e-14	-2.3184913749272722e-15
40.0	-5.202698892052562e-16	-1.0713225030788448e-16	2.441514782078583e-14	-1.4797200879525056e-16	4.324735210398914e-17	1.3888040079172315e-14	-1.9306743113693693e-15
41.0	2.6621416900868907e-16	2.828047337570063e-16	-2.356249409416515e-16	1.9813581145042877e-14	-5.969071490456407e-16	-4.964438842664877e-15	-1.527592473482857e-14
42.0	3.502080085496672e-16	2.9180723929547356e-16	-2.370656438146528e-16	2.3002006009489733e-14	-5.28692293376922e-16	-2.2649500177639993e-15	-1.5011307354643756e-14
43.0	-7.745890048761406e-15	-3.7859364006276566e-16	8.044599813900564e-14	-2.8054154156327056e-16	1.1344899238585942e-14	-7.291126363943809e-16	5.2816851793351545e-15
44.0	-7.692020008775299e-15	-3.689914773241151e-16	8.329978829808543e-14	-2.755596892932648e-16	9.687881524426272e-15	-4.1257616250034137e-16	4.97742535188976e-15
45.0	-2.5354710254568207e-16	7.927760446848644e-16	2.952245335085508e-15	2.41187575496674e-17	-1.0230893940663446e-14	6.1121160873246985e-15	1.2326416930683657e-15
46.0	-3.32486878011004e-17	6.908212993175971e-16	2.6158863649879855e-15	1.0623047553483405e-16	-7.546479973162783e-15	1.4830344570854953e-14	3.9408982498014675e-15
47.0	2.5108290727618072e-14	6.920402205857563e-16	2.6402454952451815e-16	-7.059184244977198e-16	2.6862875243335827e-15	-8.695964506127491e-16	7.847160042491206e-16
48.0	2.456011122732593e-14	6.932421310769403e-16	2.399919548927342e-16	-7.812264433421037e-16	9.366702401020311e-16	-2.9467567226352965e-16	6.335193599514235e-16
49.0	1.5151478216549236e-16	-5.532651399977874e-17	-4.1900829002833695e-14	5.0639788845924345e-14	7.350565157221585e-17	5.870607649996e-14	3.3089300788877447e-15
50.0	7.398476515177362e-17	-4.8053750268903814e-17	-4.2007383362435813e-14	5.1790431505674283e-14	1.1950016464649692e-16	6.05498815096117e-14	4.454807244421159e-15
51.0	8.4985968663691e-16	1.14966903171186e-16	-3.138182369064074e-16	1.288081796328733e-13	1.197910470416984e-16	-3.5838940454208344e-15	2.0702092146871867e-14
52.0	5.747480243784374e-16	1.261670386068987e-17	-3.0322143047588395e-16	1.2964747257143033e-13	1.1600213042452074e-16	6.040977600604229e-16	1.2952630255741995e-14
53.0	-9.773828739680656e-16	-5.328136346675085e-17	8.246045909266631e-16	-5.50386353561809e-14	2.5814567014254525e-16	-2.4002813892556584e-13	7.817734198720457e-13
54.0	-9.958743308675687e-16	-1.5443220969520557e-16	9.458604359504672e-16	-5.4636746975346494e-14	2.9306949533581354e-16	-2.519601857963225e-13	6.105915088346159e-13
55.0	9.520393312891316e-16	-2.005834288680703e-16	6.937620547116728e-17	9.921031525437296e-16	-3.6190469062410358e-16	-1.5678288278083031e-15	-8.084180304257729e-14
56.0	7.981461737648662e-16	-1.7714326449110788e-16	-9.969657738892566e-17	9.155443311885397e-16	-3.9510531712083832e-16	1.5612684064244663e-16	-8.73227333588101e-14
57.0	3.71243035986473e-18	-1.2994521423266683e-16	2.1453537058384762e-16	-1.0862998050062759e-20	1.8713457729610634e-17	-8.22272111127329e-14	-2.1496513473582096e-14
58.0	-7.668949256490457e-17	-2.573069310112293e-17	1.8932987544892936e-16	9.190389084138118e-17	2.7355940105218902e-17	-8.293401980065378e-14	-1.6408224823309234e-14
59.0	-1.6754570746899593e-16	9.389667272160422e-16	-3.914385047558862e-17	-3.539386245585163e-16	3.1754253011740556e-17	6.546485253325296e-15	-9.491484622153005e-14
60.0	-9.086323551187426e-17	9.399336665706548e-16	2.666314357081191e-17	-4.0061544152631167e-16	3.7256181291845254e-17	8.413758672789757e-15	-9.891608761271181e-14
61.0	9.099070711255301e-17	-7.386719561708875e-17	-1.4770538718145172e-15	4.81694035313093e-16	3.1683870768257887e-16	1.5556270827694655e-14	6.857569153371422e-15
62.0	9.086815257763502e-17	-6.760715885831435e-17	-1.3322805048333276e-15	4.2077993214694907e-16	3.195148550493714e-16	1.4045905185450217e-14	6.154514707083544e-15
63.0	9.950840109263985e-16	-2.4209872052918413e-16	-1.4917060261653727e-14	-1.2512612224290826e-14	2.655952241121828e-16	1.671148475247997e-15	-2.583433216310538e-15
64.0	8.173336889506686e-16	-3.6305113665712056e-16	-1.2648479880669813e-14	-1.0269410684155988e-14	5.09846937400551e-16	2.0387034278676778e-15	-2.7381918306648335e-15
65.0	0.0	0.0	0.0	0.0	0.0	0.0	0.0
66.0	0.0	0.0	0.0	0.0	0.0	0.0	0.0
67.0	-7.038856164030653e-15	2.5985773193911955e-14	-1.3320934910366094e-14	2.2988389694922012e-26	-2.2865721372067717e-15	-2.133535216655995e-27	-2.2103596356329046e-14
68.0	-4.394851116192756e-15	1.874177858385658e-14	-9.027663774152969e-15	1.350909581265317e-26	-1.6453340892058051e-15	-7.362756242053553e-28	-2.7532598640516527e-14
69.0	2.72144863958635e-15	-5.823198698029905e-16	1.639352232399115e-16	1.5214956323617168e-15	-3.4814231947600355e-15	-4.13758045588456e-17	-1.4121549591193186e-15
70.0	8.502857583611966e-16	-3.8000240153804824e-16	-5.233706020627404e-16	-4.98148519230758e-16	-5.279989627794051e-15	-4.517897138976798e-17	-1.0700573771668214e-15
71.0	-3.63216629778627e-13	2.2462154838163332e-12	-3.06512963778234e-11	4.7139627539252554e-14	-1.458200872600011e-14	1.4883833890732774e-17	-8.65185072051612e-16
72.0	-4.651620421690716e-14	-7.916937974319106e-14	1.3214862650396048e-11	4.5026942135507623e-14	1.12566509938294e-13	2.7969893291837843e-18	-1.344850853206563e-15
73.0	-2.1106211908217438e-11	3.5793306062648634e-10	-3.448355685455442e-10	-2.262664995854845e-10	-4.0288062549806626e-11	1.0896350045739192e-16	4.633997579426088e-14
74.0	1.3394870362239834e-11	-2.450950710052505e-10	1.7583727666153057e-10	2.2507742803253017e-10	3.618078107090614e-12	1.0823128096183701e-16	4.878925281033556e-14
75.0	5.768329748724458e-10	-4.2830984817471e-10	1.8874819782952681e-10	3.450187580546518e-9	1.921677857160658e-11	1.0120533119575983e-14	1.7529234070088695e-15
76.0	5.569642165238013e-10	-3.784318441269663e-10	1.5948533095655204e-10	2.9624398382642914e-9	-2.0012350275744438e-11	8.440693052405486e-15	1.857302160901543e-15
77.0	-2.2469922735370171e-13	2.6852197388755727e-13	8.48323148797754e-12	-5.692911872340999e-12	2.1152990503127095e-13	-7.284831175030246e-17	-1.0677200367790505e-15
78.0	3.436091008417184e-14	4.955609436150235e-13	4.181320273883185e-12	-4.836146008315244e-12	-3.778916596270105e-13	-8.533109838556878e-17	-1.1302552791666894e-15
79.0	-2.213024183657374e-10	-5.107868658015231e-10	2.288231116813343e-11	-2.252293896088606e-10	-2.1643358667388767e-10	4.5894484616916113e-14	6.512863292290929e-16
80.0	-2.1348912311577075e-10	-4.929749208186658e-10	2.061378795360515e-11	-2.2057472732453412e-10	-2.1098782570948674e-10	1.5943840310596067e-14	6.169530944986978e-16
81.0	2.3360450864481878e-11	-4.57833545704598e-11	-1.0620403829338268e-10	-2.89493381937108e-10	4.607087540300991e-12	-1.0430986124242875e-17	2.976359206476767e-16
82.0	1.5073331314371552e-11	-4.420006106461786e-11	-1.0597838402817832e-10	-2.633945958815754e-10	1.3903824997458854e-11	-8.610521960315807e-17	9.173530010729789e-17
83.0	-3.26858330950912e-10	-2.0218649758127518e-11	4.5043881987926316e-11	-5.6277114355884655e-11	9.822092758772959e-11	2.516480764753548e-16	-4.642710984101035e-16
84.0	-3.645721379648781e-10	-5.883240611147295e-11	6.164435822514912e-11	-1.0191065716553726e-10	1.4000500442869783e-10	3.087877145422151e-16	-5.564379881005422e-16
85.0	3.522792384161629e-12	1.0145325717921496e-11	5.734855981878933e-13	5.294874723005753e-11	5.212949476995324e-11	-1.9785145250243094e-15	9.631124158772075e-14
86.0	2.150284822406814e-12	1.0323181840146441e-11	-6.115831162694456e-13	4.85210879336405e-11	4.737486976330728e-11	-2.328985726681795e-15	9.226017345377297e-14
87.0	-3.3880939021320324e-11	-7.614615960259946e-11	4.9395639367202995e-11	-2.015397800293011e-11	-5.1758950175154666e-11	4.0342955880387586e-16	-1.1941397459688594e-16
88.0	-3.771775586951343e-11	-8.129317658503032e-11	5.5175592720852095e-11	-1.8311547998494054e-11	-5.398299619805601e-11	4.351201489945205e-16	-1.226970823115378e-16
89.0	2.243252698257067e-11	9.652754893814071e-11	-1.3144205783999556e-10	1.5473491924614697e-11	3.7894974968778753e-11	1.193939782780736e-16	5.867712957727937e-14
90.0	1.6584154124957755e-11	-2.7624773500069945e-11	-9.295957996797912e-12	-1.0174597751948308e-11	2.7395561428469344e-11	1.4052757886920988e-16	5.3393553826970376e-14
91.0	1.5985286726898425e-10	-6.725853080387732e-11	1.124752283609446e-10	1.2851307195993046e-10	-1.6547132045719832e-10	-2.350325785837449e-15	-2.176587199490985e-15
92.0	3.491619967555177e-11	-2.1958765941323106e-11	8.769017130131848e-11	1.998118614178306e-10	4.141385593533258e-11	-2.473467842755865e-15	-1.9110325983182765e-15
93.0	-8.277993148609864e-10	-8.431406914896897e-10	4.4933712971575583e-10	-2.4658720130037196e-11	-6.338530741679897e-10	3.7110790511602577e-16	-6.16808003657606e-14
94.0	3.1438148454597917e-13	-1.195441769555021e-10	1.966619165471508e-10	1.2388604555182827e-11	-3.635191712640247e-10	2.0347544675342848e-16	-4.5565583699617666e-14
95.0	1.2768176875627384e-10	1.9653486623088376e-11	-6.993760134918383e-10	-1.01087529753289e-9	-1.8992736852379943e-11	7.381550215511928e-16	-7.937785949598036e-16
96.0	1.9879042963906173e-10	9.808049707670677e-12	-9.734329791183525e-10	-1.1871603958319227e-9	2.03665521116988e-11	8.931899363340626e-16	-1.8649020437211863e-15
97.0	7.781244396035863e-11	-4.132106910775386e-11	-1.0262819775510754e-11	-2.768037529872522e-11	-3.815085651814424e-11	4.393655750550929e-17	-7.441325603753725e-17
98.0	7.573823388575879e-11	-3.838196835487644e-11	-1.1828301133654342e-11	-3.4993297554597514e-11	-4.5002269563135544e-11	5.388548123929423e-16	-5.874158012143341e-17
99.0	4.417074498591956e-11	-1.3774179792800297e-10	2.3611818373300594e-10	-3.954269570485142e-11	-2.2469429334083612e-10	2.869002896321038e-16	1.1668855495919705e-16
100.0	4.069908916383254e-11	-1.0691147008964393e-10	2.3126470338132922e-10	-6.472175408613605e-12	-1.7459543739180836e-10	2.9142711091345583e-16	1.6652801475166435e-16
101.0	4.323821797591351e-11	2.0982121116862936e-10	1.6480974572608193e-11	1.805293414228462e-10	1.3915863724012205e-12	-3.926272525774874e-18	-1.0470653784182885e-17
102.0	3.176509716122488e-11	1.350852585052389e-10	1.7716716236475216e-11	1.1425763901346512e-10	-1.3103634464813181e-11	2.7440054630633693e-16	-1.1462398745895457e-17
103.0	-1.4909049480998237e-11	-2.7803211568867534e-12	2.4657265868540886e-12	-6.530849984061789e-11	5.989252454034926e-11	-2.7228965586810075e-16	-9.850299307150447e-17
104.0	-8.892541362525674e-12	3.665674298340445e-13	-1.0302067499465015e-11	-2.8731034800343112e-11	1.2261449336754822e-11	-2.678412878691316e-16	-1.0763076690573439e-16
105.0	-2.5461756220760333e-10	1.6138893119687122e-10	-1.2510980646383959e-11	-1.6076375872405154e-11	1.474232813088856e-10	-1.317751425422286e-16	2.0856183222618405e-17
106.0	-2.9413142752539253e-10	1.7824395515129421e-10	-1.4900599833416053e-11	-1.9221224545214224e-11	1.5793124085726748e-10	4.232376729835378e-17	5.214144408002046e-18
107.0	-2.784864661062229e-11	-9.692906895772188e-12	-1.2945126244084153e-10	-2.0436131672177618e-11	8.335819907993178e-11	-3.9946386834503074e-16	1.1893245932055572e-16
108.0	-2.838062715993955e-11	-7.1679284176158944e-12	-1.4577062158295214e-10	-1.840948201791432e-11	8.335371651615538e-11	-3.8784574267528914e-16	1.357985795091528e-17
109.0	-6.732543504127839e-11	5.6324472050171855e-12	1.8474899225031286e-10	1.5366580398890451e-12	-1.1319506405491785e-10	-6.59095940467096e-16	7.783917192922519e-17
110.0	1.1715962928048495e-12	-1.1071027726525537e-11	-1.1917989886851643e-10	-5.443567735366676e-11	-1.6697131793487518e-10	-5.779952942451658e-16	1.4798254416451517e-16
111.0	-2.914077962494357e-12	4.0036706110520826e-11	-9.55656766115528e-11	5.350626698885243e-10	-2.2361116957234587e-10	-2.308769319766847e-16	5.619443912424601e-17
112.0	7.781859149120872e-11	1.6330776962979683e-9	2.2786536558568735e-9	1.409855375818797e-9	2.2968077358498106e-9	-2.760987481365309e-16	1.315852748178601e-16
113.0	-2.6003472231040165e-10	-8.170243733395027e-11	-8.00731432917179e-12	1.415513392808462e-10	1.916076183196025e-10	3.847489145663406e-14	6.375597411496152e-18
114.0	-2.043234407502734e-10	-4.072576583791196e-11	5.3353954751943505e-11	1.0079711315564066e-10	1.7646371294133335e-10	3.785508652027719e-14	6.468100042314251e-17
115.0	-1.8542155387026136e-12	-2.17391868360617e-12	-1.914209466235693e-12	3.836541081040211e-11	1.4857365764304504e-13	-1.1865998584178708e-16	1.229984269239362e-16
116.0	-1.4177911614783963e-11	-2.053477979649769e-12	-2.842630237130414e-11	4.682376251131268e-11	1.230052256435563e-11	2.0850327567095483e-16	2.351122576033151e-16
117.0	-7.841331964668472e-11	8.407953330679876e-11	-2.405917442351086e-10	-4.208056246803733e-11	1.097850535600844e-10	3.0982745183748534e-16	1.5250493092997191e-16
118.0	-6.820145062109138e-11	6.534739157323404e-11	-1.9265824208053404e-10	-2.6178614018731222e-11	8.260547178048122e-11	3.6996688896809356e-16	1.2248169500145709e-16
119.0	1.975850361755325e-11	-5.367189337445714e-12	3.5960070866125206e-11	1.3292440232199857e-11	2.369471001824909e-11	3.5732768575430673e-16	-1.8115501127636258e-17
120.0	3.62523757448046e-11	1.0447793590431321e-11	3.5671008692707914e-11	2.9199372021788755e-12	4.8965404857736015e-11	5.836726151948862e-17	9.254508579461607e-17
121.0	2.1358944191766035e-12	-1.853932641573346e-10	-9.202632466577347e-10	-2.0276460341398842e-10	7.666349620531448e-10	-3.0018134233635733e-17	-6.180739356906821e-17
122.0	-3.200599462666973e-11	-1.722177155504221e-10	-9.96905772207192e-10	-1.9305501086480358e-10	2.0129619157863956e-9	1.2978461287722115e-16	-3.699376585554825e-17
123.0	-3.241375306897229e-10	-7.316270987463895e-10	-3.717719127800981e-10	6.701732729055865e-10	-3.57920022877148e-10	-4.4375061058751096e-16	-3.1590120821091646e-16
124.0	-2.6320818818533114e-10	-5.341518307118589e-10	-3.420463326596633e-10	4.886551788424247e-10	-2.5787666663337216e-10	-4.874408589624914e-16	-3.06548115521607e-16
125.0	-1.2508139592357069e-11	-1.3437341015864423e-11	-7.371296905164682e-12	8.661225404396797e-12	1.5317042623770567e-11	2.480437584130718e-16	1.8459866657436607e-16
126.0	-7.064620946424521e-12	-6.8208521612934626e-12	-7.101390722572661e-12	7.849644671463569e-12	1.2220822178750485e-11	2.1101168136715309e-16	1.6609201236913065e-16
127.0	1.6198382352270613e-13	-5.2693474922702574e-14	-1.7369170389551724e-13	-1.3827991099015904e-14	-2.1731818680428157e-13	-3.4060792689630715e-17	3.474949866519456e-16
128.0	1.9438573531828978e-13	-5.2499616353574965e-14	-2.428709726385404e-13	-1.7805780913235175e-14	-2.0994714930067077e-13	4.533064607772674e-18	3.6321376759234933e-16
129.0	5.733447317279419e-14	-2.8086636161053574e-14	-4.1025887743870494e-14	-2.6369927970253383e-14	3.810444266875175e-14	5.991120263114954e-16	-1.3396852769507185e-15
130.0	5.801184231803613e-14	-2.7843764890060222e-14	-4.0694871094381075e-14	-2.671444682075011e-14	3.934648594066546e-14	-8.427901504177195e-17	-8.296165429661432e-16
131.0	0.0	0.0	0.0	0.0	0.0	0.0	0.0
132.0	0.0	0.0	0.0	0.0	0.0	0.0	0.0
133.0	1.6228947789070156e-14	1.3131637252993686e-14	-9.17415468677591e-16	9.865666702044428e-15	1.1444448321724513e-26	4.769588024832074e-15	-2.8188043090245064e-15
134.0	1.1372574101717757e-14	8.904401104854132e-15	-6.280466165590302e-16	6.1521168016743305e-15	6.721065241795185e-27	3.8920326473625546e-15	-6.610548150832677e-16
135.0	3.687657462069535e-15	-1.5920717125639764e-15	2.0905406065177945e-15	2.8588078091138473e-15	2.402640797217453e-15	-1.3861556558623668e-15	4.2356641373748404e-15
136.0	8.443359356593722e-16	8.034886946088399e-16	2.582576092490394e-15	3.474503882773508e-15	2.6597629219433253e-16	-2.6371166891280085e-15	-1.4486185413963683e-16
137.0	-1.6559638553517688e-11	6.277400413209095e-13	8.976120943385351e-14	1.0640688149866033e-12	6.103898857863599e-14	-2.9298235390232605e-12	1.6465094063311322e-12
138.0	7.265872981436332e-12	3.1830530692431724e-13	-7.328374768874224e-14	1.4983320170111678e-13	-4.47937932386455e-13	1.7373133501453175e-12	-3.556707956042781e-13
139.0	6.19626245915832e-11	6.923274284357442e-11	1.473193677625892e-10	2.5571657722601475e-10	5.990479738056664e-11	-2.0881538421797182e-10	6.184200252100786e-11
140.0	-4.645832848130438e-11	-5.353063621683587e-11	-8.367960693230641e-11	-1.873841318266373e-10	-5.3570466981879924e-11	4.4580244839736763e-11	-7.805031465584423e-12
141.0	3.9682831615485255e-10	4.0015099130745416e-10	1.3837688249467681e-11	-5.976049393539713e-12	-7.028373478153975e-11	-2.6044767462359832e-11	6.293413287056988e-11
142.0	3.692644627320931e-10	3.389987969997317e-10	4.689644055913529e-11	5.1481349545108524e-11	-4.136904124091263e-11	-1.3243075822618361e-11	7.229101844019001e-11
143.0	7.344254538768512e-12	1.1429854905674672e-11	-2.0289561012238287e-12	-1.1693134762768928e-11	-1.4594311429456993e-11	2.2687042029338642e-11	3.314509793510089e-10
144.0	8.720423775240223e-12	8.242855734021342e-12	-2.073986619709032e-12	-3.789614998381624e-12	-2.365565005254206e-12	-9.871415963672632e-12	3.3546675283130705e-11
145.0	3.888799257250448e-11	5.219842397920866e-10	2.1202764612842092e-10	1.7009070750741265e-10	3.026481085760336e-10	1.2258758234998878e-10	3.9234017583162766e-10
146.0	3.581309302564214e-11	5.029735403200607e-10	2.0539523903268357e-10	1.601351027755444e-10	2.9161212992176114e-10	1.1446717472938484e-10	3.724292500518819e-10
147.0	6.055303998344749e-11	1.5547499976922766e-9	6.13230941971119e-11	-2.18562342016265e-11	-5.7748557206966523e-11	-3.1939440261384694e-11	3.211566732174731e-12
148.0	5.332317282073192e-11	1.5638878598465047e-9	6.138785047082599e-11	-1.461990352469628e-11	-5.7513496830070277e-11	-3.12038208312328e-11	4.84585972930762e-12
149.0	-1.454424415431228e-10	-1.824871230803241e-11	2.1752405230204038e-10	3.11262579815527e-11	-1.229255694189086e-12	-1.1959414285433128e-11	1.4306397175955187e-11
150.0	-2.2041368579421128e-10	-2.5430987753029193e-11	3.0588693216975533e-10	4.7326663278850875e-11	1.2903517667875154e-11	-1.5192380319901473e-11	6.445354644187015e-12
151.0	-1.1834599409727757e-12	-1.426270933667002e-12	-1.4925570039898523e-11	-6.083878461078042e-12	-1.1371706903398822e-12	-1.0699408116168307e-12	3.5515589882662706e-12
152.0	-1.949384072714972e-12	-1.1996078660865886e-12	-1.4824108177197364e-11	-5.298061754064963e-12	-1.4284333590185076e-12	-7.948942656572022e-13	3.726152341953809e-12
153.0	-2.8192099517913597e-11	-1.4081459102488378e-11	5.010864367694138e-11	-8.616819190779616e-11	3.900014964454024e-11	-1.1701515395021645e-10	-1.2573949238287863e-11
154.0	-2.9302389765916406e-11	-1.641321102919655e-11	5.407554652069966e-11	-9.68587079637884e-11	3.710568861156348e-11	-1.1735933972947692e-10	-1.6358146386806574e-11
155.0	-3.185608385492727e-11	-7.245652780162538e-11	-2.8712983862250205e-10	-1.1152826779168838e-12	5.782872555825976e-11	7.69352527115935e-12	-6.754915543619155e-12
156.0	4.55963840954395e-12	3.267307912953476e-11	-2.755187888747863e-11	5.855468495707224e-11	-1.2133605161451902e-11	-2.5183698962198713e-12	-1.2897189186679169e-11
157.0	-9.972845032714591e-11	2.2312919337755269e-10	-1.190299956122049e-10	-3.305750828014804e-10	5.775485852275087e-11	-2.0486236314341865e-10	-1.0533647591080416e-10
158.0	-1.946371517329497e-11	1.1304950279055433e-10	-4.2128818097422034e-11	-2.7642320694352875e-10	2.0505644053640438e-11	-7.455644878405452e-11	6.028840904634977e-12
159.0	-1.1888400548818984e-9	-2.7407455966305413e-9	6.391327508307232e-10	-5.281000310450772e-9	-1.3268620929517114e-10	-5.189500711847839e-10	4.640794746634183e-9
160.0	1.421207652754216e-10	-1.4874453077136993e-9	-4.3968051883754006e-11	-3.984700922657528e-9	-1.3237096406049497e-11	-2.2282765077991155e-10	3.7147418468526056e-9
161.0	-1.548071468446364e-11	-1.2863149337223884e-9	3.637543767153703e-11	8.243617150829416e-10	5.033595311238633e-11	8.528953314359983e-12	-1.7274025485737372e-9
162.0	8.728424388216976e-12	-1.6366909744086957e-9	2.127477479140115e-11	1.0631930891144188e-9	3.866691546624018e-11	3.1673061051102357e-12	-2.2324426593685217e-9
163.0	-6.620930498608487e-11	3.005002697302819e-11	-4.945790306166209e-11	-3.1331863602344036e-11	-8.153362804883817e-11	-6.551115559987964e-11	-7.157350010935782e-11
164.0	-6.13697712771139e-11	2.8388631107245824e-11	-4.337583882911715e-11	-4.134792198392489e-11	-9.05501434266299e-11	-5.763597650346142e-11	-7.096673428834432e-11
165.0	2.8205646410891837e-10	3.0085416308892663e-10	-1.236515913686944e-10	-2.0160234635916146e-10	1.0248646012997994e-10	-1.0930371087431512e-10	6.410263491536217e-11
166.0	2.290069790396685e-10	3.4779702875027964e-10	-1.8780259770547707e-10	-9.351362826062155e-11	1.7551610019712598e-10	-1.4140026192370834e-10	4.818060958883757e-11
167.0	7.129948625524321e-11	8.626859013337754e-11	-1.4334882453872125e-10	1.9253137877846727e-11	-2.6921512260153164e-12	-1.147139394934189e-10	-1.4264877312453688e-10
168.0	4.405636157467653e-11	5.4596423006629265e-11	-9.492997374313841e-11	8.761107685009668e-12	2.7656927956794613e-12	-7.706794082107356e-11	-8.136322365403807e-11
169.0	1.3621474218357285e-11	7.816525800694184e-11	1.6768647211691046e-11	-5.543697017132495e-11	-1.2319560585977432e-12	2.2497996952525578e-11	-1.2831250207259125e-10
170.0	-1.0299638212903278e-11	-8.855391360083047e-12	1.8699729200852432e-11	1.5336001935916453e-10	-3.295414188054178e-11	1.9100004600399005e-11	-3.928199350570701e-11
171.0	3.1691717188768627e-10	2.772824060153545e-10	1.0566167484248119e-11	-2.821764049655706e-11	3.1160806756662945e-10	1.7653276478072956e-10	4.7005708387149976e-12
172.0	3.588692541126451e-10	3.1776565023659303e-10	1.2495613838919719e-11	-3.0140738284826795e-11	3.600415533613497e-10	1.9849926465528444e-10	3.21234115290207e-11
173.0	1.0036576955802998e-10	2.9338807582930794e-11	-1.2296469659099909e-11	-8.5819937657659e-12	1.712917408997338e-11	7.379970073851789e-11	-1.0310772506614567e-11
174.0	2.8876601790308624e-12	2.2686163069228626e-11	-1.9883120545984662e-11	-3.8547603834190094e-11	1.542540269950957e-11	-1.0005385480363402e-10	-1.6390818350067512e-11
175.0	5.3889252728615266e-11	8.033257779628025e-11	6.129891821834162e-12	-3.9761861372883904e-11	-2.6934557413008887e-11	-1.1432137923217812e-10	-4.364177286735298e-11
176.0	-1.5038035144799508e-10	-1.7962807935269636e-10	-1.4596259076100297e-10	2.5184507332172736e-10	2.6084289231232045e-11	-2.1866233132785014e-11	4.069728382863038e-11
177.0	2.76568839165238e-10	2.467305083296504e-10	-8.515519399939278e-11	1.2779735500723001e-9	1.384557853201433e-11	-1.9587686060325762e-10	6.283629828315052e-11
178.0	-2.340718609252093e-9	1.7659445514296478e-10	3.463844364912437e-9	-3.5004557940754574e-9	-2.3058063677388976e-10	1.4552402142318812e-9	-1.4961025351182435e-9
179.0	-3.91768523433612e-10	-6.073153763783081e-10	-1.303544925163407e-10	2.835415565375779e-10	3.5628062783926844e-11	-1.1645986944356111e-9	1.7312341591160807e-11
180.0	-4.147730532309263e-10	-4.3454406602774926e-10	-1.6506160281416718e-10	2.4378444157243756e-10	8.485690100697636e-11	-9.98568476968408e-10	1.2941358346755239e-11
181.0	-3.47184482160627e-11	7.324540324646928e-13	-1.9317869784432557e-11	5.482557350919146e-12	-3.3667453473378025e-12	-3.1537294290951675e-12	6.089594322060775e-12
182.0	-3.695800335674717e-11	1.0295586082281117e-11	-2.0307164115191094e-11	3.6899049149622415e-12	4.1696730687429826e-12	-1.3216763805565071e-11	1.944124326882128e-11
183.0	9.557165062066372e-11	2.3378584159505786e-10	-5.815350976523425e-12	1.797238624828676e-10	-1.0924043571627331e-10	-6.543443213324154e-11	6.079449737967975e-11
184.0	7.706869936802355e-11	1.8424355923079522e-10	-1.9730114534432861e-13	1.4347424939501254e-10	-8.407373234324911e-11	-4.739801217440751e-11	4.8570137529944615e-11
185.0	1.0467146443417124e-10	3.4298029154285545e-12	-2.3421426082421773e-11	-6.466708233811838e-12	-2.0459051110521907e-11	-2.35860945861776e-11	-1.311361784316644e-10
186.0	9.364723955770027e-11	-3.483006885574042e-12	-2.2459154283562243e-11	-1.0468322934531309e-11	-1.2637465445610584e-11	6.681303887984847e-12	-1.3299651158795415e-10
187.0	-4.928452041582532e-11	-1.1518748073822928e-10	5.908685844280405e-11	1.1250869430481947e-10	-7.87882081472143e-10	1.123403277519735e-10	3.3615627691085005e-11
188.0	-4.7664941240664706e-11	-6.862399185571131e-11	5.4291661420974874e-11	9.201394012186658e-11	-1.658222279457069e-9	1.1037861054486733e-10	2.8745137337609287e-11
189.0	-1.5396441233175168e-10	6.076878199151576e-12	-8.171377768277561e-10	-2.427774877376683e-11	3.138422074348022e-11	4.824939050505286e-10	-5.662179288021063e-10
190.0	-1.1678298596161e-10	1.4251353296008517e-10	-2.668675776379779e-10	4.764956428459818e-12	3.7748684169029306e-11	5.473064422532502e-10	-1.5471323140138025e-10
191.0	-8.671085137127526e-13	1.2244161203637112e-11	-5.6391293735353475e-12	1.930978548657297e-11	1.9826241827789924e-11	9.849744621449908e-13	1.865744294430081e-11
192.0	-4.846773808310784e-13	6.887286844838448e-12	-4.3366848581781574e-12	1.2315481543949274e-11	1.3222375265430077e-11	4.139666188234582e-13	1.1988168956773546e-11
193.0	8.471427761556204e-14	-1.9320225920573687e-13	-8.983487910170007e-14	-4.6289620405419824e-14	4.797234215291752e-15	1.0808105607050223e-13	1.652027176833849e-13
194.0	1.0907795050112991e-13	-1.8839359723541803e-13	-1.1467114922540181e-13	-4.378177211442787e-14	-5.45937708267373e-16	1.4000816618238468e-13	1.6498284453121506e-13
195.0	3.860421432725337e-14	2.321579543667972e-15	-3.775022437481668e-14	-4.088805967867055e-14	-4.08457020026669e-14	-4.5090989663079406e-14	-3.7622795099001106e-14
196.0	3.927829982418709e-14	5.056782207497065e-16	-4.00515697234854e-14	-4.1760683473784306e-14	-4.1040794476465e-14	-4.5225372665889986e-14	-3.916172775671995e-14
197.0	0.0	0.0	0.0	0.0	0.0	0.0	0.0
198.0	0.0	0.0	0.0	0.0	0.0	0.0	0.0
199.0	-1.2308372336042817e-27	-2.8538353528190252e-27	-1.0356782995118038e-15	1.1872736731606205e-14	4.136560288537006e-42	4.23070102704418e-28	7.673870906149874e-15
200.0	-7.228048442103777e-28	-1.6763517846494938e-27	-1.7690621816869303e-15	8.36078183631621e-15	2.4294942749959246e-42	2.483885507789258e-28	6.1135219390619044e-15
201.0	-2.9247399018650473e-15	-2.374826303623422e-15	-4.6026597199856504e-15	2.4265354729952166e-16	3.929287039439528e-15	1.0190903499821476e-14	-1.1162296583519683e-15
202.0	4.766552481688582e-16	-4.3957163931917474e-16	-2.593871164952875e-15	-2.008998923921371e-16	3.096607945740275e-15	4.761532454391033e-15	-1.215388100764475e-15
203.0	4.851887960733247e-14	3.371226446693394e-13	-4.727703311644178e-12	-1.5787060151044658e-12	-6.046380200947264e-13	1.7321053933411322e-12	1.9837510636098422e-12
204.0	-5.51338629558774e-14	1.4075044788251337e-13	2.2278820665926255e-12	1.8509925675132488e-13	-2.9905205958858888e-12	-1.2446861760420899e-12	8.018450030149099e-14
205.0	4.920994279896901e-10	1.0512042685334326e-10	-2.1666975746562472e-10	4.590365453995187e-10	-1.3970416982571641e-10	-2.0891527690621702e-10	-4.170663162184e-10
206.0	-3.500015681644291e-10	-1.8132432247129766e-10	1.1775745527837975e-10	-2.813065005012727e-10	8.277848695262027e-11	1.5486160590075482e-10	2.644777003524353e-10
207.0	-1.1205151060274228e-9	1.6403122861886876e-10	5.1010889441316324e-11	-3.0960163770283523e-10	1.354816164663462e-10	6.923455592881163e-11	1.6712185340166277e-10
208.0	-9.45906272296359e-10	1.478919797091568e-10	4.1183210978637956e-11	-3.3487776514386957e-10	1.8308326096675436e-10	-1.5425623240066634e-11	1.494445574323267e-10
209.0	1.4305854860626808e-10	-1.8918798399768562e-10	-1.4958637577648945e-11	3.816945653126065e-12	6.367494827199355e-12	-6.195480361849166e-11	-3.379577065878716e-12
210.0	2.3795723520738973e-11	-2.7879219383378623e-11	-1.0587658813855973e-11	1.3683288759377502e-12	6.979704020389208e-12	-1.8377974280432383e-11	-4.0276252140341394e-13
211.0	-2.938931506086846e-11	7.486045533227701e-12	-3.869003084083456e-10	-8.598383092386812e-11	1.94733623731636e-11	-4.2517971919635285e-11	3.775508119544426e-11
212.0	-3.181066053884887e-11	7.088342392481528e-12	-3.7114710173205066e-10	-8.50583742812308e-11	1.9580593807117726e-11	-4.4653823681080876e-11	4.193990654378181e-11
213.0	-7.065563466658329e-10	-9.814359017262348e-11	-1.89006406096784e-10	2.598952484730889e-11	6.2259215021223825e-12	-1.6944537884356184e-10	-7.003196035819961e-11
214.0	-7.383743585655145e-10	-7.784372674759523e-11	-1.7337252696508094e-10	2.541949025795656e-11	1.9558467443980507e-11	-1.3172852977180427e-10	-6.164636172976769e-11
215.0	1.1966387546454024e-11	-7.361822954469761e-11	-1.3324122905074314e-10	1.200580134486516e-10	6.703496462997303e-11	-1.1644933018308269e-10	-5.550704786998952e-11
216.0	1.6297791436476516e-11	-1.5535204253138327e-10	-1.8921441573764651e-10	1.648225583885296e-10	1.0044558452542924e-10	-1.7488591260730765e-10	-6.910514537505252e-11
217.0	3.910548893847843e-12	-1.2340553495424345e-12	-6.483248527864587e-12	1.2695142926368755e-11	1.4748736598877978e-12	3.45925014078334e-11	1.7110841676420588e-12
218.0	3.2514065486983495e-12	8.001004717354456e-13	-4.4701765598732475e-12	7.510421100587047e-12	7.337515201539062e-13	2.7877557368171994e-11	1.3539519174376147e-12
219.0	2.696859299817928e-11	1.0591787578445339e-10	3.622010298197088e-11	-2.3024418488817264e-12	-4.39447635470924e-10	-4.1908615202555346e-12	-4.74651229785445e-12
220.0	3.387318779442733e-11	1.1692327820161885e-10	4.1528879112087145e-11	-2.2237559085234018e-12	-4.391682443447692e-10	-3.378589304332001e-12	-2.704040939145216e-12
221.0	1.0837233100076751e-10	1.0989811884611066e-10	-6.038077234706966e-11	2.969247983935577e-10	4.0709350739161494e-11	-2.4530030062640823e-11	1.1872523598520552e-10
222.0	7.068480484804897e-11	-3.960141737289256e-11	2.1621629510933194e-11	-9.82190967914235e-11	3.511455959267407e-11	9.570138335526836e-13	-1.2705917170007253e-11
223.0	-1.7209397222102386e-10	-2.4994475830683214e-10	-2.0553600584486842e-11	1.9468467611910098e-10	6.027684053181718e-11	6.181157613941145e-11	1.4670653772359443e-10
224.0	-7.374160581766142e-11	-1.3119820612846808e-10	-1.3110418175756904e-10	3.922404441973642e-11	3.1966930863944663e-10	-1.907287756122769e-11	7.311107275023723e-11
225.0	-1.0749285744146091e-9	-3.3966991399076913e-11	-3.016755487993369e-9	6.121280061093915e-10	2.221782801253538e-10	-1.332328870988771e-9	-7.635555197802013e-10
226.0	-8.966790295274024e-10	-2.99384652029951e-11	-3.637957079255459e-9	-9.038863695721803e-11	1.1659855180378163e-10	-4.791231919185363e-11	6.530977917245564e-11
227.0	1.441155332752787e-9	-2.7200927008233836e-11	1.1167387512848837e-9	-1.2442108049422027e-11	2.1323465510705137e-9	5.6542604977917994e-12	-2.6326742746866486e-9
228.0	2.2566811421539806e-9	1.0797579509672902e-11	1.3769988505460121e-9	1.8071297507493855e-12	2.5920437736997114e-9	-1.595859768463244e-12	-3.23926360837682e-9
229.0	-7.418811275768913e-12	1.5999995024672403e-11	1.6399812023611542e-11	5.2970399235472914e-11	-1.628694057200364e-11	-1.8385220139472475e-11	-4.176946778005407e-11
230.0	-6.645611386361751e-12	8.786256934239088e-12	-1.5782948132360418e-12	4.612556134484816e-11	-1.4064399625168409e-11	-1.6241937431552404e-11	-3.6363330210094105e-11
231.0	1.893716500062644e-10	-2.1168729828739754e-10	4.6004576874873825e-11	-9.670337322652314e-11	1.1776632485157088e-10	-5.641446266785512e-11	3.49037127381122e-10
232.0	1.7466289266458305e-10	-1.7046129717552648e-10	7.720037209487229e-11	-1.0225278150078798e-10	1.1113661542254136e-10	-4.410128544548337e-11	2.594784540573537e-10
233.0	7.952226593273642e-11	-1.1665266387027504e-10	-4.852237223095685e-11	-5.234444776007623e-11	1.2194516092215697e-10	4.7717973008146667e-11	2.6144839177099513e-11
234.0	4.8366890996602703e-11	-8.27482838679519e-11	-2.6333582378515432e-11	-3.269394793754675e-11	7.391892507478003e-11	3.0920537254797576e-11	2.6984726161906576e-11
235.0	-1.374193772173101e-11	2.153286145355605e-11	-4.453765298063301e-13	-1.8886787439614522e-11	8.202081018373069e-11	8.984788945772817e-11	3.86375389729625e-12
236.0	-3.324724089296689e-11	-5.01229302165781e-11	3.818654513358643e-11	-1.8401504571495797e-11	3.453821869096983e-11	4.335877865189961e-11	1.44444219704206e-11
237.0	-1.8375045756817822e-10	-1.8237092032040234e-10	1.3645183638410703e-10	8.871796605983145e-11	-1.115519787979123e-10	8.702859530309643e-11	1.4047687602085084e-10
238.0	-2.082442028052183e-10	-2.0682776622563276e-10	1.5628309617513348e-10	1.0505371638773064e-10	-1.2586598977793134e-10	9.065312651899731e-11	1.5860487223534885e-10
239.0	7.234310625700722e-11	7.045785007549086e-11	-2.317982090979868e-12	3.3678885531593866e-11	-2.4232269535836815e-10	5.974684898947889e-11	5.051332142669286e-11
240.0	8.024227936284563e-11	1.8864473311442608e-10	-1.6204015008516615e-12	3.5162952141750286e-11	-2.474211935835869e-10	1.3860666452566732e-10	3.680068085201683e-11
241.0	-2.5850122381507963e-11	-4.493791096455127e-11	6.139092699738047e-11	8.672339624046354e-11	-3.5647190412241457e-12	-1.1466155075902806e-11	4.2696750592521774e-11
242.0	-1.6269328637781538e-12	2.525457776738354e-11	-8.969298439596873e-11	1.2123277287325501e-10	-6.01651233230025e-11	1.1675606736419997e-13	-1.491429409790369e-10
243.0	7.43844142633613e-11	-2.7928367030459674e-11	-2.4368605427088156e-10	4.4597379803872073e-10	1.1975379371406055e-10	-1.2131356464086701e-9	-1.295259123903807e-9
244.0	-1.1175046358015963e-10	4.3319474057221924e-11	3.793278785624166e-10	-1.9669315911085413e-9	-1.5690142602413768e-10	2.7358430138181377e-10	-3.084876381231098e-11
245.0	-6.408820401428015e-10	3.376743210259397e-10	-1.365471929546004e-9	-1.5985073130558007e-10	-1.0678174270064605e-10	-5.604935451999408e-11	-1.588330018944681e-12
246.0	-7.233776485881724e-10	4.2354353520326997e-10	-9.149590142111117e-10	-1.335719430084316e-10	-1.0344470254304763e-10	-2.0401177562693305e-11	-2.0307903788864882e-12
247.0	5.097602684384735e-12	-6.084199453663719e-12	1.4490950384614976e-11	-2.373250957734543e-13	7.424384579395507e-12	5.0294024349691474e-11	5.096094644962248e-11
248.0	2.190103268064427e-12	-4.480972231988853e-12	1.2200030499225016e-11	-2.5688072146264574e-13	4.856421407221207e-12	5.374189582693522e-11	5.5105354974532206e-11
249.0	-6.517613264983285e-11	1.5709098339542625e-10	-6.796756487368137e-11	1.455642521211662e-10	3.5427228134890026e-11	-1.8005974317259572e-10	-1.4995277298438317e-10
250.0	-5.259304256358043e-11	1.2626875886312049e-10	-5.291536413753896e-11	1.1831964170605134e-10	2.4896184532700185e-11	-1.4255120693990925e-10	-1.1643506628694334e-10
251.0	2.8640614334888245e-12	-2.739303073739396e-11	-4.9572236030190284e-11	-6.230093818086578e-12	3.2949587614338737e-12	-9.582634726291238e-12	4.7330386104326674e-12
252.0	-2.9835100085520573e-12	-1.4249145684393469e-11	-6.352131887106296e-11	-1.1180440372166008e-11	-1.671096763955193e-11	-2.134296624362808e-11	2.174613429951438e-13
253.0	-5.46434460638234e-13	6.138569794115944e-10	1.178206772732067e-10	4.4143610425173444e-11	-2.1676936747140816e-10	-2.1590527998857436e-10	3.587059999065785e-10
254.0	-5.4014840465343265e-12	8.60371979421474e-10	1.1181531862275712e-10	3.6206154720234586e-11	-2.0151724488151232e-10	-1.9325786778282326e-10	7.15389249403938e-10
255.0	7.139907146247692e-11	-9.365520474167334e-11	3.84807165677536e-10	-2.0804313394933206e-10	-5.110683723991015e-10	-3.2650520967666785e-11	2.9253935857472634e-10
256.0	1.0866724837380938e-10	9.219940357063071e-11	3.762323978827946e-10	-3.6028988566653817e-10	-3.475847507240729e-10	-2.2049791117721518e-12	2.0446637047585687e-10
257.0	7.131678154755014e-12	1.8370855431623787e-11	1.5492685198089599e-12	-1.3108785942838791e-11	7.973088883685146e-12	-4.73429276322024e-13	7.575989736748996e-12
258.0	4.525740311326736e-12	1.2607966251077816e-11	5.348486400314955e-13	-9.80391217923343e-12	6.423786360193978e-12	-2.435508525960873e-12	4.242456412558715e-12
259.0	-1.7689173499382172e-15	-1.773306409653897e-13	1.4966239920669197e-14	5.451820008634371e-16	-3.000841497630842e-14	1.7423538067441496e-14	1.2200308159952793e-13
260.0	-2.778716457921218e-15	-1.885336141018254e-13	8.006003137061631e-15	1.8504238601004716e-15	-3.410173431732817e-14	1.5456403528196724e-14	1.441878531014916e-13
261.0	-9.883997575068801e-15	1.7371648166815713e-14	-6.332958734010927e-15	2.0110595688199836e-14	4.6459783731555026e-14	3.894393609290615e-14	3.53652762558758e-14
262.0	-1.3515518296144156e-14	1.6749261822746642e-14	-5.572317428268811e-15	2.0261264279403593e-14	4.70876330686318e-14	3.9880539200085645e-14	3.6339526538260315e-14
263.0	0.0	0.0	0.0	0.0	0.0	0.0	0.0
264.0	0.0	0.0	0.0	0.0	0.0	0.0	0.0
